-141042631
-173827500
-91504156
-116924468
-171821196
-43253166
-131373941
-106837767
-97758272
-175257235
-143127603
-166436721
-31275456
-60210659
-108443171
-164186743
-174084920
-116985085
-50512447
-104331145
-119291064
-100203924
-156851537
-58474932
-157473869
-152323648
-90738149
-126855931
-100038451
-108113587
-91139779
-158257980
-15585998
-49024889
349335073
-153292669
-127374931
-132394764
-71500982
-36516005
-127710115
-102039879
-41643764
-114342045
-18955902
-160149777
-177457580
-102115202
-177931477
-58599531
-158492915
-101076380
-69204661
-171255743
-85733617
-50555905
-52651103
-39909241
-139663925
-32236025
-77088121
-171507040
-101295534
192320852
-175672194
-174918970
-127383566
-98816345
-163271070
-125436037
-177232993
-129472665
-177251514
-177251789
-145406206
-129878728
-70658
-128443408
-93831308
-125402945
-154833021
-125646614
-175365031
-154182749
-176563712
-161970645
-48459993
-53705814
-104894839
-151597972
-118986731
-126523996
-118124196
-101380493
-8747278
-108077319
-46360958
-102923628
-107965226
-110578363
-117756030
-133097612
-119270694
-79468487
-102758590
-24639477
-177873746
-177874690
-79467840
-79489764
-87130734
-106574092
-72033380
-79816099
-151571452
-177239660
-174023583
-176443911
-120967653
-91640132
-154202173
-44119637
-54912648
-91198600
-55751868
-49124557
-135906054
-174574779
-90335418
-141730214
-51365519
-48912597
-79487469
-66997058
-69814849
-152070915
-79525017
-28023821
-106880652
-119291860
-62268523
-11722521
-99789161
-30889232
-111195279
-2158488
-160990525
-15792662
-109537666
-102387304
-91532751
-36900819
-144968032
15643327
-142941700
-171732197
-115567454
-167211343
-170167975
-175201935
-162826093
63727718
-143336841
-46487993
-116931591
-63559625
-74197738
-51214146
-154837360
-104851373
-28992095
-144317566
-123047960
-103731293
-128568628
-51883455
-40818410
-131024475
-173935557
-89677973
-136589925
-162547188
-53275160
-126419570
-112394996
-82917936
-175241241
-124480938
-118376568
-174075244
-65944405
-26516027
-40018862
-47574310
-126984413
-91177357
-146340041
-157786518
-80368614
-92179618
-69861305
-141324110
-139337990
-176667068
-10643232
-170810816
-169162456
-161211350
-174154152
-81905087
-176632996
-172653036
-57652708
-176363321
-58578664
-11898317
-8734369
-48220038
-73662138
-175556357
-172967370
-105799725
-31921175
-91346964
-136190411
-67153545
-142813763
-96310420
-131227938
-66169344
-40049583
-6126147
-60849972
-89588789
-81028279
-87016969
-93231009
-25481627
-105225704
-172234680
-172176806
-143448214
-167601865
-78638623
-139656276
-69087365
-153887125
-50121522
-55945195
-98929574
-178080021
-122531107
-125161453
-100451793
-148911607
-152557059
-171422831
-170017203
-58651371
-176887037
-111747746
-175276487
-178179653
-46741534
-167257564
-173674660
-115594210
-166003606
-50079539
-109933725
-112215589
-142982980
-143093592
-154569833
-169085922
-130491633
-43689577
-89803680
-49701961
-151564818
-108482875
-177268414
-70811987
-21826772
-178269047
-124771933
-91299905
-48020228
-38392345
-178023376
-85127368
-143020742
-161133233
-89677205
-172342109
-177786342
-114105170
-174223443
-167180557
-166887822
-171224766
-178095730
-155120228
-52278622
-1640248
-117079200
-69961088
-50156602
-70524894
-61484832
-175479797
-43885897
-137733134
-98344705
-66803925
-67020042
-170012144
-115955083
-177182993
-29676263
-102128263
-3798379
-113548867
-166525232
-131141049
-95787329
-105536148
-108407584
